382 538 1
552 540 2
524 518 3
501 468 4
498 290 5
655 598 6
460 517 7
507 469 8
504 408 9
474 472 10
423 436 11
513 408 12
520 443 13
525 582 14
571 627 15
518 598 16
498 454 17
496 472 18
538 505 19
428 517 20
474 450 21
476 622 22
466 445 23
492 553 24
445 427 25
457 588 26
371 454 27
545 430 28
417 580 29
496 339 30
490 490 31
607 442 32
593 407 33
597 437 34
493 492 35
442 511 36
505 577 37
481 497 38
516 567 39
436 517 40
341 484 41
557 465 42
387 407 43
444 587 44
578 540 45
551 529 46
549 478 47
544 573 48
483 466 49
447 597 50
558 394 51
559 483 52
521 448 53
584 663 54
438 456 55
419 421 56
426 486 57
498 492 58
485 527 59
593 523 60
399 492 61
598 527 62
445 494 63
458 478 64
449 571 65
538 501 66
450 388 67
483 404 68
545 427 69
520 468 70
355 417 71
453 590 72
484 489 73
438 435 74
439 505 75
616 357 76
454 460 77
546 547 78
395 418 79
473 552 80
523 619 81
529 475 82
373 590 83
516 481 84
528 521 85
545 682 86
363 632 87
481 443 88
447 465 89
595 581 90
461 464 91
514 480 92
462 485 93
521 487 94
510 477 95
306 435 96
522 644 97
530 624 98
322 584 99
425 986 100
427 416 101
372 406 102
542 486 103
495 499 104
537 347 105
380 605 106
534 580 107
536 547 108
417 551 109
496 643 110
548 345 111
407 481 112
418 597 113
475 350 114
475 388 115
628 366 116
335 551 117
523 515 118
649 455 119
406 434 120
556 392 121
591 458 122
556 615 123
500 623 124
557 524 125
429 535 126
568 608 127
480 546 128
528 512 129
630 258 130
503 481 131
658 549 132
449 473 133
599 411 134
753 505 135
452 579 136
519 533 137
573 464 138
367 434 139
421 489 140
542 544 141
532 586 142
553 502 143
437 533 144
589 627 145
418 515 146
441 582 147
560 542 148
407 524 149
527 512 150
561 420 151
430 397 152
558 446 153
566 428 154
500 591 155
410 683 156
495 504 157
426 318 158
503 519 159
440 594 160
522 395 161
497 325 162
442 372 163
639 537 164
501 584 165
460 510 166
494 436 167
599 393 168
592 478 169
543 414 170
536 506 171
446 371 172
374 486 173
526 586 174
541 630 175
486 623 176
378 576 177
520 540 178
521 445 179
636 382 180
573 473 181
407 586 182
597 443 183
510 456 184
506 411 185
585 588 186
352 656 187
410 463 188
555 481 189
562 389 190
621 456 191
611 452 192
401 444 193
362 491 194
515 506 195
597 512 196
582 544 197
555 597 198
560 467 199
106 964 200
501 574 201
449 563 202
389 492 203
514 528 204
573 502 205
717 614 206
503 427 207
551 466 208
441 454 209
437 502 210
406 486 211
571 464 212
505 445 213
597 583 214
408 348 215
507 571 216
574 491 217
522 423 218
555 559 219
521 487 220
506 541 221
513 546 222
624 502 223
443 495 224
616 716 225
374 511 226
468 589 227
409 388 228
468 524 229
616 441 230
359 474 231
522 423 232
390 507 233
465 551 234
423 402 235
432 450 236
651 439 237
457 435 238
436 432 239
599 596 240
460 337 241
547 380 242
440 443 243
472 481 244
457 360 245
422 610 246
443 467 247
513 381 248
403 546 249
515 592 250
530 453 251
543 526 252
550 477 253
569 379 254
433 477 255
617 465 256
525 660 257
345 393 258
337 470 259
550 496 260
518 642 261
593 433 262
442 444 263
468 603 264
432 523 265
565 580 266
451 484 267
430 488 268
602 521 269
549 504 270
569 562 271
446 489 272
432 630 273
476 490 274
575 532 275
326 537 276
335 518 277
492 615 278
651 352 279
599 573 280
368 527 281
457 398 282
581 577 283
474 491 284
518 561 285
526 544 286
362 512 287
603 553 288
607 482 289
488 509 290
312 514 291
583 600 292
530 509 293
548 420 294
299 497 295
404 395 296
473 527 297
532 613 298
391 561 299
589 552 300
502 547 301