100.00 200.00 25260.126 
104.00 206.00 25263.126
111.00 199.00 25264.226
101.00 198.00 25268.347
103.00 199.00 25268.348
102.00 201.00 25270.443
103.00 205.00 25271.443
104.00 203.00 25273.941
106.00 207.00 25274.445
105.00 203.00 25275.119
103.00 202.00 25275.995
103.00 203.00 25276.457
103.00 205.00 25276.999
105.00 203.00 25277.332
209.00 111.00 25278.011
104.00 204.00 25279.220
125.00 199.00 25279.990
100.00 201.00 25280.870
102.00 197.00 25282.170
108.00 201.00 25283.870
104.00 202.00 25285.870
103.00 203.00 25286.554
106.00 206.00 25287.991
105.00 202.00 25289.870
100.00 200.00 25291.880